2.653857421875000000e+03
2.146346250000000000e+05
2.163995849609375000e+03
1.576763427734375000e+03
1.501778198242187500e+03
1.444473510742187500e+03
1.392796020507812500e+03
1.311965454101562500e+03
1.301208618164062500e+03
1.296911132812500000e+03
1.130286743164062500e+03
1.201803588867187500e+03
1.145819580078125000e+03
1.193426757812500000e+03
1.201802734375000000e+03
1.129587524414062500e+03
8.746907958984375000e+02
9.702849731445312500e+02
9.994685668945312500e+02
9.699782714843750000e+02
9.527387084960937500e+02
9.256886596679687500e+02
9.092459716796875000e+02
8.878411865234375000e+02
8.990952148437500000e+02
8.911522216796875000e+02
8.841226196289062500e+02
8.784887084960937500e+02
8.672006835937500000e+02
9.169328613281250000e+02
8.736071777343750000e+02
8.724597167968750000e+02
8.764431762695312500e+02
8.700407714843750000e+02
8.700471801757812500e+02
8.734145507812500000e+02
8.707124633789062500e+02
8.709526367187500000e+02
8.812951049804687500e+02
8.714230957031250000e+02
8.702615966796875000e+02
8.689455566406250000e+02
8.689896240234375000e+02
8.689247436523437500e+02
8.691089477539062500e+02
8.694043579101562500e+02
8.693740844726562500e+02
8.698092651367187500e+02
8.699735107421875000e+02
8.702703857421875000e+02
8.703983764648437500e+02
8.707891235351562500e+02
8.709269409179687500e+02
8.710758666992187500e+02
8.713872070312500000e+02
8.714534301757812500e+02
8.714971313476562500e+02
8.715883789062500000e+02
8.716484985351562500e+02
8.717742919921875000e+02
8.719580688476562500e+02
8.719379272460937500e+02
8.720440673828125000e+02
8.719904785156250000e+02
8.720081787109375000e+02
8.721363525390625000e+02
8.722022094726562500e+02
8.721648559570312500e+02
8.722841186523437500e+02
8.722702026367187500e+02
8.722968750000000000e+02
8.723037109375000000e+02
8.724516601562500000e+02
8.722734985351562500e+02
8.723855590820312500e+02
8.723034057617187500e+02
8.725200805664062500e+02
8.722802124023437500e+02
8.723760375976562500e+02
8.723533935546875000e+02
8.723229370117187500e+02
8.723751220703125000e+02
8.723234863281250000e+02
8.724550781250000000e+02
8.724135742187500000e+02
8.723282470703125000e+02
8.723758544921875000e+02
8.723508911132812500e+02
8.722932739257812500e+02
8.723136596679687500e+02
8.723758544921875000e+02
8.723495483398437500e+02
8.723424072265625000e+02
8.723708496093750000e+02
8.722482299804687500e+02
8.721656494140625000e+02
8.722402954101562500e+02
8.723382568359375000e+02
8.723010253906250000e+02
8.723242797851562500e+02
8.723940429687500000e+02
8.722886962890625000e+02
8.723068237304687500e+02
8.723827514648437500e+02
8.723258666992187500e+02
8.723839111328125000e+02
8.722998657226562500e+02
8.723671264648437500e+02
8.723918457031250000e+02
8.723217163085937500e+02
8.722794799804687500e+02
8.722979125976562500e+02
8.723944702148437500e+02
8.723596801757812500e+02
8.723885498046875000e+02
8.724065551757812500e+02
8.722947998046875000e+02
8.723465576171875000e+02
8.723918457031250000e+02
8.723928222656250000e+02
8.723912353515625000e+02
8.723710937500000000e+02
8.723753051757812500e+02
8.723714599609375000e+02
8.723680419921875000e+02
8.723680419921875000e+02
8.723680419921875000e+02
8.723680419921875000e+02
8.723680419921875000e+02
8.723680419921875000e+02
8.723680419921875000e+02
8.723680419921875000e+02
8.723680419921875000e+02
8.723680419921875000e+02
8.723680419921875000e+02
8.723680419921875000e+02
8.723680419921875000e+02
8.723680419921875000e+02
8.723680419921875000e+02
8.723680419921875000e+02
8.723680419921875000e+02
8.723680419921875000e+02
8.723680419921875000e+02
8.723680419921875000e+02
8.723680419921875000e+02
8.723680419921875000e+02
8.723680419921875000e+02
8.723680419921875000e+02
8.723680419921875000e+02
8.723680419921875000e+02
8.723680419921875000e+02
8.723680419921875000e+02
8.723680419921875000e+02
8.723680419921875000e+02
8.723680419921875000e+02
8.723680419921875000e+02
8.723680419921875000e+02
8.723680419921875000e+02
8.723680419921875000e+02
8.723680419921875000e+02
8.723680419921875000e+02
8.723680419921875000e+02
8.723680419921875000e+02
8.723680419921875000e+02
8.723680419921875000e+02
8.723680419921875000e+02
8.723680419921875000e+02
8.723680419921875000e+02
8.723680419921875000e+02
8.723680419921875000e+02
8.723680419921875000e+02
8.723680419921875000e+02
8.723680419921875000e+02
8.723680419921875000e+02
8.723680419921875000e+02
8.723680419921875000e+02
8.723680419921875000e+02
8.723680419921875000e+02
8.723680419921875000e+02
8.723680419921875000e+02
8.723680419921875000e+02
8.723680419921875000e+02
8.723680419921875000e+02
8.723680419921875000e+02
8.723680419921875000e+02
8.723680419921875000e+02
8.723680419921875000e+02
8.723680419921875000e+02
8.723680419921875000e+02
8.723680419921875000e+02
8.723680419921875000e+02
8.723680419921875000e+02
8.723680419921875000e+02
8.723680419921875000e+02
8.723680419921875000e+02
8.723680419921875000e+02
8.723680419921875000e+02
8.723680419921875000e+02
8.723680419921875000e+02
8.723680419921875000e+02
8.723680419921875000e+02
8.723680419921875000e+02
8.723680419921875000e+02
8.723680419921875000e+02
8.723680419921875000e+02
8.723680419921875000e+02
8.723680419921875000e+02
8.723680419921875000e+02
8.723680419921875000e+02
8.723680419921875000e+02
8.723680419921875000e+02
8.723680419921875000e+02
8.723680419921875000e+02
8.723680419921875000e+02
8.723680419921875000e+02
8.723680419921875000e+02
8.723680419921875000e+02
8.723680419921875000e+02
8.723680419921875000e+02
8.723680419921875000e+02
8.723680419921875000e+02
8.723680419921875000e+02
8.723680419921875000e+02
8.723680419921875000e+02
8.723680419921875000e+02
8.723680419921875000e+02
8.723680419921875000e+02
8.723680419921875000e+02
8.723680419921875000e+02
8.723680419921875000e+02
8.723680419921875000e+02
8.723680419921875000e+02
8.723680419921875000e+02
8.723680419921875000e+02
8.723680419921875000e+02
8.723680419921875000e+02
8.723680419921875000e+02
8.723680419921875000e+02
8.723680419921875000e+02
8.723680419921875000e+02
8.723680419921875000e+02
8.723680419921875000e+02
8.723680419921875000e+02
8.723680419921875000e+02
8.723680419921875000e+02
8.723680419921875000e+02
8.723680419921875000e+02
8.723680419921875000e+02
8.723680419921875000e+02
8.723680419921875000e+02
8.723680419921875000e+02
8.723680419921875000e+02
8.723680419921875000e+02
8.723680419921875000e+02
8.723680419921875000e+02
8.723680419921875000e+02
8.723680419921875000e+02
8.723680419921875000e+02
8.723680419921875000e+02
8.723680419921875000e+02
8.723680419921875000e+02
8.723680419921875000e+02
8.723680419921875000e+02
8.723680419921875000e+02
8.723680419921875000e+02
8.723680419921875000e+02
8.723680419921875000e+02
8.723680419921875000e+02
8.723680419921875000e+02
8.723680419921875000e+02
8.723680419921875000e+02
8.723680419921875000e+02
8.723680419921875000e+02
8.723680419921875000e+02
8.723680419921875000e+02
8.723680419921875000e+02
8.723680419921875000e+02
8.723680419921875000e+02
8.723680419921875000e+02
8.723680419921875000e+02
8.723680419921875000e+02
8.723680419921875000e+02
8.723680419921875000e+02
8.723680419921875000e+02
8.723680419921875000e+02
8.723680419921875000e+02
8.723680419921875000e+02
8.723680419921875000e+02
8.723680419921875000e+02
8.723680419921875000e+02
8.723680419921875000e+02
8.723680419921875000e+02
8.723680419921875000e+02
8.723680419921875000e+02
8.723680419921875000e+02
8.723680419921875000e+02
8.723680419921875000e+02
8.723680419921875000e+02
8.723680419921875000e+02
8.723680419921875000e+02
