3.963542968750000000e+03
2.610517089843750000e+03
1.952189086914062500e+03
1.586731689453125000e+03
1.320992187500000000e+03
1.174251953125000000e+03
1.060264282226562500e+03
9.719575805664062500e+02
8.978656005859375000e+02
8.420494995117187500e+02
7.897893066406250000e+02
7.452418212890625000e+02
7.100466308593750000e+02
6.734085693359375000e+02
6.478569946289062500e+02
6.219889526367187500e+02
6.135264282226562500e+02
5.982376098632812500e+02
5.787030029296875000e+02
5.652694702148437500e+02
5.548881225585937500e+02
5.449423217773437500e+02
5.385507202148437500e+02
5.332991333007812500e+02
5.278315429687500000e+02
5.233029785156250000e+02
5.199589843750000000e+02
5.168840942382812500e+02
5.156926879882812500e+02
5.132674560546875000e+02
5.107186889648437500e+02
5.090028991699218750e+02
5.077468566894531250e+02
5.066028442382812500e+02
5.056477661132812500e+02
5.048441772460937500e+02
5.041645202636718750e+02
5.035728454589843750e+02
5.031020202636718750e+02
5.026859130859375000e+02
5.023352661132812500e+02
5.020298461914062500e+02
5.017811889648437500e+02
5.015708618164062500e+02
5.014070739746093750e+02
5.012730102539062500e+02
5.011559448242187500e+02
5.010598144531250000e+02
5.009826049804687500e+02
5.009135437011718750e+02
5.008624267578125000e+02
5.008139038085937500e+02
5.007766418457031250e+02
5.007453308105468750e+02
5.007120971679687500e+02
5.006872863769531250e+02
5.006692810058593750e+02
5.006480102539062500e+02
5.006341247558593750e+02
5.006175537109375000e+02
5.006133422851562500e+02
5.006003112792968750e+02
5.005936279296875000e+02
5.005841674804687500e+02
5.005792541503906250e+02
5.005715637207031250e+02
5.005720214843750000e+02
5.005676574707031250e+02
5.005674438476562500e+02
5.005624694824218750e+02
5.005630798339843750e+02
5.005610351562500000e+02
5.005572204589843750e+02
5.005570373535156250e+02
5.005537414550781250e+02
5.005556640625000000e+02
5.005535583496093750e+02
5.005531311035156250e+02
5.005547790527343750e+02
5.005523986816406250e+02
5.005524597167968750e+02
5.005530090332031250e+02
5.005553894042968750e+02
5.005564270019531250e+02
5.005526733398437500e+02
5.005576477050781250e+02
5.005545654296875000e+02
5.005516357421875000e+02
5.005543212890625000e+02
5.005532836914062500e+02
5.005521240234375000e+02
5.005552062988281250e+02
5.005551757812500000e+02
5.005520629882812500e+02
5.005551147460937500e+02
5.005520019531250000e+02
5.005517272949218750e+02
5.005513000488281250e+02
5.005564270019531250e+02
5.005557861328125000e+02
5.005531311035156250e+02
5.005528564453125000e+02
5.005540161132812500e+02
5.005545959472656250e+02
5.005537719726562500e+02
5.005559997558593750e+02
5.005524597167968750e+02
5.005512390136718750e+02
5.005530090332031250e+02
5.005522460937500000e+02
5.005522766113281250e+02
5.005540466308593750e+02
5.005521240234375000e+02
5.005532836914062500e+02
5.005537414550781250e+02
5.005531616210937500e+02
5.005532836914062500e+02
5.005538330078125000e+02
5.005541687011718750e+02
5.005548400878906250e+02
5.005542297363281250e+02
5.005542907714843750e+02
5.005543212890625000e+02
5.005546569824218750e+02
5.005542907714843750e+02
5.005541687011718750e+02
5.005541687011718750e+02
5.005541687011718750e+02
5.005541687011718750e+02
5.005541687011718750e+02
5.005541687011718750e+02
5.005541687011718750e+02
5.005541687011718750e+02
5.005541687011718750e+02
5.005541687011718750e+02
5.005541687011718750e+02
5.005541687011718750e+02
5.005541687011718750e+02
5.005541687011718750e+02
5.005541687011718750e+02
5.005541687011718750e+02
5.005541687011718750e+02
5.005541687011718750e+02
5.005541687011718750e+02
5.005541687011718750e+02
5.005541687011718750e+02
5.005541687011718750e+02
5.005541687011718750e+02
5.005541687011718750e+02
5.005541687011718750e+02
5.005541687011718750e+02
5.005541687011718750e+02
5.005541687011718750e+02
5.005541687011718750e+02
5.005541687011718750e+02
5.005541687011718750e+02
5.005541687011718750e+02
5.005541687011718750e+02
5.005541687011718750e+02
5.005541687011718750e+02
5.005541687011718750e+02
5.005541687011718750e+02
5.005541687011718750e+02
5.005541687011718750e+02
5.005541687011718750e+02
5.005541687011718750e+02
5.005541687011718750e+02
5.005541687011718750e+02
5.005541687011718750e+02
5.005541687011718750e+02
5.005541687011718750e+02
5.005541687011718750e+02
5.005541687011718750e+02
5.005541687011718750e+02
5.005541687011718750e+02
5.005541687011718750e+02
5.005541687011718750e+02
5.005541687011718750e+02
5.005541687011718750e+02
5.005541687011718750e+02
5.005541687011718750e+02
5.005541687011718750e+02
5.005541687011718750e+02
5.005541687011718750e+02
5.005541687011718750e+02
5.005541687011718750e+02
5.005541687011718750e+02
5.005541687011718750e+02
5.005541687011718750e+02
5.005541687011718750e+02
5.005541687011718750e+02
5.005541687011718750e+02
5.005541687011718750e+02
5.005541687011718750e+02
5.005541687011718750e+02
5.005541687011718750e+02
5.005541687011718750e+02
5.005541687011718750e+02
5.005541687011718750e+02
5.005541687011718750e+02
5.005541687011718750e+02
5.005541687011718750e+02
5.005541687011718750e+02
5.005541687011718750e+02
5.005541687011718750e+02
5.005541687011718750e+02
5.005541687011718750e+02
5.005541687011718750e+02
5.005541687011718750e+02
5.005541687011718750e+02
5.005541687011718750e+02
5.005541687011718750e+02
5.005541687011718750e+02
5.005541687011718750e+02
5.005541687011718750e+02
5.005541687011718750e+02
5.005541687011718750e+02
5.005541687011718750e+02
5.005541687011718750e+02
5.005541687011718750e+02
5.005541687011718750e+02
5.005541687011718750e+02
5.005541687011718750e+02
5.005541687011718750e+02
5.005541687011718750e+02
5.005541687011718750e+02
5.005541687011718750e+02
5.005541687011718750e+02
5.005541687011718750e+02
5.005541687011718750e+02
5.005541687011718750e+02
5.005541687011718750e+02
5.005541687011718750e+02
5.005541687011718750e+02
5.005541687011718750e+02
5.005541687011718750e+02
5.005541687011718750e+02
5.005541687011718750e+02
5.005541687011718750e+02
5.005541687011718750e+02
5.005541687011718750e+02
5.005541687011718750e+02
5.005541687011718750e+02
5.005541687011718750e+02
5.005541687011718750e+02
5.005541687011718750e+02
5.005541687011718750e+02
5.005541687011718750e+02
5.005541687011718750e+02
5.005541687011718750e+02
5.005541687011718750e+02
5.005541687011718750e+02
5.005541687011718750e+02
5.005541687011718750e+02
5.005541687011718750e+02
5.005541687011718750e+02
5.005541687011718750e+02
5.005541687011718750e+02
5.005541687011718750e+02
5.005541687011718750e+02
5.005541687011718750e+02
5.005541687011718750e+02
5.005541687011718750e+02
5.005541687011718750e+02
5.005541687011718750e+02
5.005541687011718750e+02
5.005541687011718750e+02
5.005541687011718750e+02
5.005541687011718750e+02
5.005541687011718750e+02
5.005541687011718750e+02
5.005541687011718750e+02
5.005541687011718750e+02
5.005541687011718750e+02
5.005541687011718750e+02
5.005541687011718750e+02
5.005541687011718750e+02
5.005541687011718750e+02
5.005541687011718750e+02
5.005541687011718750e+02
5.005541687011718750e+02
5.005541687011718750e+02
5.005541687011718750e+02
5.005541687011718750e+02
5.005541687011718750e+02
5.005541687011718750e+02
5.005541687011718750e+02
5.005541687011718750e+02
5.005541687011718750e+02
5.005541687011718750e+02
5.005541687011718750e+02
5.005541687011718750e+02
5.005541687011718750e+02
5.005541687011718750e+02
5.005541687011718750e+02
5.005541687011718750e+02
5.005541687011718750e+02
5.005541687011718750e+02
5.005541687011718750e+02
5.005541687011718750e+02
